"Occupations","Bachelor's Total","Bachelor's Men","Bachelor's Women","Master's Total","Master's Men","Master's Women","Doctor's Total","Doctor's Men","Doctor's Women"
"All fields, total",2012854,857545,1155309,833706,326186,507520,187568,85769,101799
"Agriculture, general",2274,1094,1180,310,111,199,9,5,4
"Agricultural business and management, general",1187,740,447,72,40,32,0,0,0
"Agribusiness/agricultural business operations",2207,1371,836,29,12,17,0,0,0
"Agricultural economics",1562,1058,504,378,196,182,152,99,53
"Farm/farm and ranch management",159,118,41,5,4,1,0,0,0
"Agricultural/farm supplies retailing and wholesaling",1,1,0,0,0,0,0,0,0
"Agricultural business technology",46,34,12,0,0,0,0,0,0
"Agricultural business and management, other",88,53,35,5,2,3,0,0,0
"Agricultural mechanization, general",364,328,36,1,1,0,0,0,0
"Agricultural mechanics and equipment/machine technology",0,0,0,0,0,0,0,0,0
"Agricultural production operations, general",102,65,37,10,0,10,0,0,0
"Animal/livestock husbandry and production",175,50,125,2,0,2,0,0,0
"Aquaculture",56,32,24,46,26,20,15,6,9
"Crop production",81,64,17,0,0,0,0,0,0
"Dairy husbandry and production",6,1,5,0,0,0,0,0,0
"Horse husbandry/equine science and management",174,8,166,6,0,6,0,0,0
"Agroecology and sustainable agriculture",207,105,102,49,19,30,27,16,11
"Viticulture and enology",126,69,57,0,0,0,0,0,0
"Agricultural production operations, other",3,2,1,0,0,0,0,0,0
"Agricultural and food products processing",112,52,60,0,0,0,0,0,0
"Animal training",13,0,13,0,0,0,0,0,0
"Equestrian/equine studies",291,18,273,0,0,0,0,0,0
"Agricultural and domestic animal services, other",0,0,0,0,0,0,0,0,0
"Applied horticulture/horticultural operations, general",102,49,53,6,2,4,3,3,0
"Ornamental horticulture",21,11,10,1,0,1,0,0,0
"Landscaping and groundskeeping",111,61,50,0,0,0,0,0,0
"Plant nursery operations and management",10,5,5,0,0,0,0,0,0
"Turf and turfgrass management",119,113,6,4,3,1,0,0,0
"Floriculture/floristry operations and management",0,0,0,0,0,0,0,0,0
"Applied horticulture/horticultural business services, other",24,17,7,0,0,0,0,0,0
"International agriculture",57,11,46,59,21,38,0,0,0
"Agricultural and extension education services",78,22,56,95,28,67,17,6,11
"Agricultural communication/journalism",433,84,349,22,1,21,0,0,0
"Agricultural public services, other",75,37,38,9,0,9,0,0,0
"Animal sciences, general",6073,1143,4930,410,133,277,179,70,109
"Agricultural animal breeding",0,0,0,8,1,7,2,2,0
"Animal health",1,1,0,0,0,0,0,0,0
"Animal nutrition",0,0,0,0,0,0,5,2,3
"Dairy science",138,50,88,20,4,16,8,4,4
"Livestock management",3,0,3,4,3,1,0,0,0
"Poultry science",119,52,67,22,9,13,20,12,8
"Animal sciences, other",69,8,61,28,10,18,4,1,3
"Food science",1271,374,897,482,164,318,151,57,94
"Food technology and processing",18,7,11,15,4,11,9,6,3
"Food science and technology, other",65,45,20,28,11,17,0,0,0
"Plant sciences, general",528,308,220,121,61,60,61,41,20
"Agronomy and crop science",652,457,195,257,158,99,100,61,39
"Horticultural science",508,274,234,109,62,47,50,24,26
"Agricultural and horticultural plant breeding",3,1,2,19,14,5,25,20,5
"Plant protection and integrated pest management",92,70,22,34,15,19,7,5,2
"Range science and management",114,60,54,26,11,15,7,3,4
"Plant sciences, other",23,12,11,56,26,30,39,21,18
"Soil science and agronomy, general",176,115,61,86,37,49,44,21,23
"Soil chemistry and physics",40,32,8,1,0,1,0,0,0
"Soil sciences, other",34,15,19,7,3,4,8,5,3
"Agriculture, agriculture operations, and related sciences, other",369,237,132,42,11,31,14,5,9
"Environmental studies",6650,2680,3970,1273,485,788,101,45,56
"Environmental science",7000,3148,3852,926,371,555,172,90,82
"Natural resources conservation and research, other",122,53,69,73,39,34,21,10,11
"Natural resources management and policy",693,384,309,520,236,284,20,11,9
"Natural resource economics",81,53,28,8,2,6,11,6,5
"Water, wetlands, and marine resources management",88,33,55,190,66,124,3,2,1
"Land use planning and management/development",56,52,4,49,23,26,0,0,0
"Natural resource recreation and tourism",67,33,34,70,26,44,0,0,0
"Natural resources law enforcement and protective services",55,46,9,0,0,0,0,0,0
"Natural resources management and policy, other",250,144,106,21,10,11,0,0,0
"Fishing and fisheries sciences and management",398,224,174,53,24,29,19,7,12
"Forestry, general",545,389,156,129,83,46,44,22,22
"Forest sciences and biology",204,165,39,126,69,57,56,35,21
"Forest management/forest resources management",192,158,34,49,31,18,8,6,2
"Urban forestry",19,11,8,6,4,2,5,2,3
"Wood science and wood products/pulp and paper technology",91,72,19,18,11,7,10,8,2
"Forest resources production and management",6,5,1,21,11,10,7,5,2
"Forest technology/technician",1,1,0,0,0,0,0,0,0
"Forestry, other",88,53,35,12,5,7,3,1,2
"Wildlife, fish, and wildlands science and management",1724,814,910,175,82,93,44,21,23
"Natural resources and conservation, other",98,65,33,8,4,4,4,3,1
"Architecture",4035,2191,1844,1746,950,796,126,60,66
"City/urban, community and regional planning",826,490,336,1661,779,882,96,41,55
"Environmental design/architecture",541,284,257,70,31,39,20,5,15
"Interior architecture",480,58,422,169,26,143,0,0,0
"Landscape architecture",711,373,338,414,165,249,0,0,0
"Architectural history and criticism, general",111,50,61,27,10,17,1,0,1
"Architectural technology/technician",140,85,55,63,30,33,0,0,0
"Architectural and building sciences/technology",1724,898,826,2740,1423,1317,12,9,3
"Real estate development",94,73,21,344,216,128,0,0,0
"Architecture and related services, other",144,67,77,77,34,43,0,0,0
"African studies",96,30,66,26,7,19,9,4,5
"American/United States studies/civilization",970,346,624,218,76,142,98,36,62
"Asian studies/civilization",687,291,396,69,26,43,1,1,0
"East Asian studies",307,124,183,170,62,108,25,15,10
"Russian, Central European, East European, and Eurasian studies",33,9,24,51,25,26,0,0,0
"European studies/civilization",65,24,41,20,4,16,0,0,0
"Latin American studies",301,98,203,150,49,101,4,1,3
"Near and Middle Eastern studies",147,57,90,146,72,74,42,18,24
"Pacific Area/Pacific Rim studies",17,7,10,7,1,6,0,0,0
"Russian studies",52,12,40,43,21,22,0,0,0
"Scandinavian studies",12,5,7,5,1,4,0,0,0
"South Asian studies",5,0,5,5,2,3,6,4,2
"Southeast Asian studies",0,0,0,8,4,4,0,0,0
"Western European studies",7,1,6,35,21,14,1,0,1
"Canadian studies",0,0,0,2,2,0,0,0,0
"Slavic studies",2,0,2,1,0,1,0,0,0
"Ural-Altaic and Central Asian studies",3,1,2,11,7,4,2,2,0
"Regional studies (U.S., Canadian, foreign)",20,5,15,17,9,8,6,3,3
"Chinese studies",39,12,27,6,3,3,0,0,0
"French studies",39,7,32,14,3,11,7,1,6
"German studies",55,17,38,4,1,3,4,1,3
"Italian studies",34,13,21,12,3,9,4,0,4
"Japanese studies",35,13,22,5,4,1,0,0,0
"Korean studies",0,0,0,0,0,0,0,0,0
"Spanish and Iberian studies",23,11,12,0,0,0,0,0,0
"Irish studies",0,0,0,5,0,5,0,0,0
"Latin American and Caribbean studies",53,13,40,13,4,9,0,0,0
"Area studies, other",546,153,393,46,21,25,7,5,2
"Ethnic studies",167,37,130,17,5,12,4,1,3
"African-American/Black studies",727,249,478,74,25,49,48,20,28
"American Indian/Native American studies",222,64,158,72,24,48,6,1,5
"Hispanic-American, Puerto Rican, and Mexican-American/Chicano studies",468,121,347,32,7,25,20,8,12
"Asian-American studies",103,43,60,19,8,11,0,0,0
"Women's studies",1383,83,1300,164,17,147,26,4,22
"Gay/lesbian studies",7,0,7,0,0,0,0,0,0
"Folklore studies",10,4,6,15,4,11,8,4,4
"Disability studies",51,11,40,33,7,26,7,0,7
"Deaf studies",226,40,186,1,1,0,0,0,0
"Ethnic, cultural minority, gender, and group studies, other",812,159,653,74,18,56,35,4,31
"Biology/biological sciences, general",75016,26350,48666,3623,1376,2247,940,432,508
"Biomedical sciences, general",4818,1735,3083,2844,1266,1578,615,273,342
"Biochemistry",8884,4192,4692,303,135,168,496,276,220
"Biophysics",132,79,53,27,16,11,105,73,32
"Molecular biology",824,350,474,208,84,124,168,82,86
"Molecular biochemistry",397,185,212,101,44,57,64,30,34
"Molecular biophysics",0,0,0,1,0,1,19,13,6
"Structural biology",0,0,0,3,1,2,2,2,0
"Radiation biology/radiobiology",3,0,3,10,7,3,8,4,4
"Biochemistry and molecular biology",1072,500,572,116,49,67,164,94,70
"Biochemistry, biophysics and molecular biology, other",208,86,122,19,7,12,32,16,16
"Botany/plant biology",225,97,128,85,43,42,121,65,56
"Plant pathology/phytopathology",15,3,12,63,34,29,88,46,42
"Plant physiology",0,0,0,4,2,2,4,1,3
"Plant molecular biology",0,0,0,0,0,0,15,10,5
"Botany/plant biology, other",24,16,8,12,6,6,13,6,7
"Cell/cellular biology and histology",329,133,196,75,39,36,129,54,75
"Anatomy",455,188,267,255,108,147,41,17,24
"Developmental biology and embryology",37,14,23,8,2,6,40,23,17
"Cell/cellular and molecular biology",3041,1211,1830,213,82,131,443,197,246
"Cell biology and anatomy",8,2,6,43,25,18,38,12,26
"Cell/cellular biology and anatomical sciences, other",61,19,42,103,47,56,85,32,53
"Microbiology, general",2137,903,1234,195,83,112,194,80,114
"Medical microbiology and bacteriology",454,165,289,227,81,146,105,41,64
"Virology",0,0,0,16,8,8,19,6,13
"Parasitology",0,0,0,5,1,4,0,0,0
"Immunology",0,0,0,55,23,32,143,73,70
"Microbiology and immunology",159,68,91,81,27,54,89,45,44
"Microbiological sciences and immunology, other",124,48,76,33,8,25,28,12,16
"Zoology/animal biology",1471,427,1044,100,34,66,76,33,43
"Entomology",105,48,57,122,68,54,112,54,58
"Animal physiology",151,60,91,7,3,4,9,2,7
"Animal behavior and ethology",147,26,121,45,2,43,6,4,2
"Wildlife biology",463,200,263,14,7,7,2,1,1
"Zoology/animal biology, other",6,3,3,13,7,6,2,1,1
"Genetics, general",340,107,233,51,21,30,136,63,73
"Molecular genetics",206,69,137,21,8,13,78,38,40
"Animal genetics",47,19,28,1,0,1,11,6,5
"Plant genetics",9,7,2,6,2,4,10,6,4
"Human/medical genetics",1,0,1,181,29,152,71,34,37
"Genome sciences/genomics",12,7,5,20,6,14,21,10,11
"Genetics, other",0,0,0,0,0,0,16,9,7
"Physiology, general",1629,630,999,856,395,461,131,65,66
"Molecular physiology",0,0,0,0,0,0,44,19,25
"Cell physiology",3,0,3,48,25,23,15,8,7
"Endocrinology",0,0,0,2,1,1,6,4,2
"Reproductive biology",0,0,0,18,4,14,3,2,1
"Cardiovascular science",0,0,0,0,0,0,5,3,2
"Exercise physiology",3667,1495,2172,517,250,267,92,55,37
"Vision science/physiological optics",88,30,58,34,9,25,24,8,16
"Pathology/experimental pathology",28,6,22,119,52,67,143,67,76
"Oncology and cancer biology",0,0,0,30,8,22,100,39,61
"Physiology, pathology, and related sciences, other",71,19,52,18,10,8,3,0,3
"Pharmacology",51,28,23,218,92,126,225,106,119
"Molecular pharmacology",0,0,0,15,9,6,47,19,28
"Neuropharmacology",0,0,0,36,15,21,0,0,0
"Toxicology",62,21,41,47,12,35,79,38,41
"Molecular toxicology",0,0,0,0,0,0,5,1,4
"Environmental toxicology",22,8,14,50,18,32,32,10,22
"Pharmacology and toxicology",63,29,34,115,38,77,48,18,30
"Pharmacology and toxicology, other",7,0,7,2,2,0,0,0,0
"Biometry/biometrics",51,21,30,34,14,20,7,4,3
"Biostatistics",42,20,22,768,316,452,186,93,93
"Bioinformatics",290,162,128,474,239,235,129,83,46
"Computational biology",54,22,32,43,22,21,67,41,26
"Biomathematics, bioinformatics, and computational biology, other",44,19,25,62,36,26,19,11,8
"Biotechnology",827,410,417,1431,579,852,14,5,9
"Ecology",793,334,459,149,59,90,196,90,106
"Marine biology and biological oceanography",1450,408,1042,238,87,151,77,30,47
"Evolutionary biology",120,40,80,24,12,12,37,21,16
"Aquatic biology/limnology",89,38,51,10,2,8,0,0,0
"Environmental biology",295,115,180,47,24,23,8,1,7
"Population biology",0,0,0,4,1,3,7,5,2
"Conservation biology",193,78,115,94,32,62,13,8,5
"Systematic biology/biological systematics",0,0,0,5,4,1,12,8,4
"Epidemiology",31,12,19,1474,412,1062,305,112,193
"Ecology and evolutionary biology",491,164,327,62,24,38,102,46,56
"Ecology, evolution, systematics and population biology, other",205,95,110,14,4,10,42,19,23
"Molecular medicine",0,0,0,27,7,20,38,14,24
"Neuroscience",6950,2361,4589,289,129,160,658,341,317
"Neurobiology and anatomy",808,301,507,11,6,5,64,41,23
"Neurobiology and behavior",55,7,48,8,3,5,9,5,4
"Neurobiology and neurosciences, other",49,24,25,2,2,0,3,2,1
"Biological and biomedical sciences, other",1282,410,872,1386,592,794,225,111,114
"Business, management, marketing, and related support services",389758,207800,181958,197058,101508,95550,3636,1986,1650
"Business/commerce, general",24920,13127,11793,9254,5513,3741,257,143,114
"Business administration and management, general",140281,75151,65130,109657,59185,50472,2047,1155,892
"Purchasing, procurement/acquisitions and contracts management",571,342,229,350,202,148,5,3,2
"Logistics, materials, and supply chain management",5739,3867,1872,934,614,320,1,1,0
"Office management and supervision",390,180,210,70,32,38,0,0,0
"Operations management and supervision",3502,2128,1374,481,304,177,7,4,3
"Nonprofit/public/organizational management",347,96,251,1929,590,1339,9,2,7
"Customer service management",41,13,28,2,2,0,0,0,0
"E-commerce/electronic commerce",94,49,45,23,13,10,0,0,0
"Transportation/mobility management",169,119,50,130,98,32,5,5,0
"Research and development management",13,3,10,159,55,104,0,0,0
"Project management",652,417,235,1145,638,507,6,4,2
"Retail management",267,41,226,101,0,101,0,0,0
"Organizational leadership",4301,2219,2082,6132,2600,3532,440,205,235
"Business administration, management and operations, other",8253,3779,4474,5461,2527,2934,72,31,41
"Accounting",48790,23471,25319,18980,8528,10452,41,25,16
"Accounting technology/technician and bookkeeping",233,138,95,0,0,0,0,0,0
"Auditing",16,7,9,114,51,63,0,0,0
"Accounting and finance",857,506,351,772,340,432,0,0,0
"Accounting and business/management",836,317,519,430,205,225,0,0,0
"Accounting and related services, other",135,72,63,186,89,97,4,3,1
"Administrative assistant and secretarial science, general",34,6,28,0,0,0,0,0,0
"Executive assistant/executive secretary",0,0,0,0,0,0,0,0,0
"Business/office automation/technology/data entry",31,17,14,0,0,0,0,0,0
"General office occupations and clerical services",1,0,1,0,0,0,0,0,0
"Parts, warehousing, and inventory management operations",0,0,0,0,0,0,0,0,0
"Traffic, customs, and transportation clerk/technician",49,32,17,0,0,0,0,0,0
"Business operations support and secretarial services, other",0,0,0,0,0,0,0,0,0
"Business/corporate communications",798,276,522,72,15,57,0,0,0
"Business/managerial economics",5222,3408,1814,213,130,83,49,29,20
"Entrepreneurship/entrepreneurial studies",2784,1782,1002,799,415,384,15,8,7
"Franchising and franchise operations",4,3,1,0,0,0,0,0,0
"Small business administration/management",242,126,116,16,6,10,0,0,0
"Entrepreneurial and small business operations, other",72,50,22,226,120,106,2,2,0
"Finance, general",40895,29227,11668,4820,3033,1787,42,33,9
"Banking and financial support services",646,404,242,19,15,4,0,0,0
"Financial planning and services",510,346,164,170,114,56,17,10,7
"International finance",2,0,2,13,6,7,0,0,0
"Investments and securities",66,55,11,57,43,14,0,0,0
"Public finance",21,17,4,15,11,4,0,0,0
"Finance and financial management services, other",149,103,46,102,61,41,0,0,0
"Hospitality administration/management, general",7135,2035,5100,591,181,410,20,10,10
"Tourism and travel services management",693,213,480,110,40,70,10,7,3
"Hotel/motel administration/management",1457,505,952,117,43,74,11,4,7
"Restaurant/food services management",632,249,383,1,0,1,0,0,0
"Resort management",281,98,183,0,0,0,0,0,0
"Meeting and event planning",580,68,512,6,2,4,0,0,0
"Casino management",0,0,0,1,0,1,0,0,0
"Hotel, motel, and restaurant management",43,14,29,0,0,0,0,0,0
"Hospitality administration/management, other",371,134,237,65,36,29,4,2,2
"Human resources management/personnel administration, general",6837,1856,4981,4800,1154,3646,28,9,19
"Labor and industrial relations",907,422,485,653,187,466,10,6,4
"Organizational behavior studies",2037,903,1134,1092,427,665,244,114,130
"Labor studies",50,14,36,22,6,16,0,0,0
"Human resources development",672,146,526,972,234,738,32,12,20
"Human resources management and services, other",404,89,315,1041,348,693,0,0,0
"International business/trade/commerce",5487,2599,2888,2119,1199,920,47,31,16
"Management information systems, general",8429,5971,2458,1686,1133,553,28,20,8
"Information resources management",223,144,79,698,483,215,13,12,1
"Knowledge management",73,48,25,161,95,66,0,0,0
"Management information systems and services, other",117,69,48,155,103,52,0,0,0
"Management science, general",3855,2315,1540,5222,2883,2339,74,45,29
"Business statistics",522,346,176,1799,957,842,5,4,1
"Actuarial science",1534,886,648,432,242,190,0,0,0
"Management sciences and quantitative methods, other",1625,925,700,4798,2576,2222,23,12,11
"Marketing/marketing management, general",39229,18096,21133,1914,652,1262,21,7,14
"Marketing research",33,8,25,129,40,89,1,0,1
"International marketing",202,48,154,304,107,197,3,2,1
"Marketing, other",749,341,408,277,68,209,5,0,5
"Real estate",1085,773,312,1099,808,291,0,0,0
"Taxation",5,2,3,1523,731,792,0,0,0
"Insurance",1144,711,433,116,56,60,2,1,1
"Sales, distribution, and marketing operations, general",1620,929,691,572,144,428,2,1,1
"Merchandising and buying operations",0,0,0,9,0,9,0,0,0
"Retailing and retail operations",365,101,264,0,0,0,0,0,0
"Selling skills and sales operations",307,202,105,0,0,0,0,0,0
"General merchandising/sales/related marketing operations, other",98,40,58,6,4,2,0,0,0
"Fashion merchandising",2480,177,2303,89,10,79,0,0,0
"Apparel and accessories marketing operations",37,4,33,54,10,44,0,0,0
"Tourism and travel services marketing operations",40,24,16,0,0,0,0,0,0
"Tourism promotion operations",1,0,1,0,0,0,0,0,0
"Vehicle and vehicle parts and accessories marketing operations",65,53,12,0,0,0,0,0,0
"Business and personal/financial services marketing operations",0,0,0,0,0,0,0,0,0
"Special products marketing operations",155,45,110,20,8,12,0,0,0
"Hospitality and recreation marketing operations",77,73,4,0,0,0,0,0,0
"Specialized merchandising/sales/related marketing operations, other",96,25,71,57,17,40,0,0,0
"Construction management",2569,2305,264,387,292,95,6,5,1
"Telecommunications management",1,1,0,36,28,8,1,0,1
"Business/management/marketing/related support services, other",3503,1899,1604,1093,649,444,27,19,8
"Funeral service and mortuary science, general",145,51,94,0,0,0,0,0,0
"Funeral direction/service",51,18,33,0,0,0,0,0,0
"Cosmetology/cosmetologist, general",0,0,0,0,0,0,0,0,0
"Cooking and related culinary arts, general",0,0,0,0,0,0,0,0,0
"Baking and pastry arts/baker/pastry chef",70,8,62,0,0,0,0,0,0
"Culinary arts/chef training",305,121,184,0,0,0,0,0,0
"Restaurant, culinary, and catering management/manager",106,50,56,0,0,0,0,0,0
"Food service, waiter/waitress, and dining room management",0,0,0,0,0,0,0,0,0
"Culinary science/culinology",79,32,47,4,2,2,0,0,0
"Culinary arts and related services, other",50,18,32,27,5,22,0,0,0
"Personal and culinary services, other",0,0,0,0,0,0,0,0,0
"Communication, general",10236,3451,6785,917,272,645,63,27,36
"Speech communication and rhetoric",31737,11240,20497,1984,579,1405,246,104,142
"Mass communication/media studies",9120,3499,5621,930,283,647,128,58,70
"Communication and media studies, other",1913,700,1213,583,156,427,52,21,31
"Journalism",10809,3552,7257,1054,336,718,17,9,8
"Broadcast journalism",824,412,412,33,12,21,0,0,0
"Photojournalism",117,33,84,19,5,14,0,0,0
"Journalism, other",667,197,470,436,110,326,0,0,0
"Radio and television",4631,2435,2196,146,55,91,11,3,8
"Digital communication and media/multimedia",4700,2048,2652,1327,479,848,32,20,12
"Radio, television, and digital communication, other",741,392,349,2,0,2,0,0,0
"Public relations, advertising, and applied communication",2946,724,2222,551,120,431,0,0,0
"Organizational communication, general",1451,455,996,321,88,233,6,1,5
"Public relations/image management",4747,949,3798,526,140,386,0,0,0
"Advertising",4605,1579,3026,184,50,134,5,0,5
"Political communication",76,25,51,55,22,33,0,0,0
"Health communication",111,17,94,157,18,139,9,3,6
"Sports communication",306,218,88,48,35,13,0,0,0
"International and intercultural communication",146,31,115,106,25,81,0,0,0
"Technical and scientific communication",70,37,33,48,12,36,0,0,0
"Public relations, advertising and applied communication, other",1576,343,1233,205,55,150,0,0,0
"Publishing",28,3,25,229,24,205,0,0,0
"Communication, journalism, and related programs, other",971,364,607,602,140,462,14,4,10
"Communications technology/technician",285,226,59,17,7,10,0,0,0
"Photographic and film/video technology/technician and assistant",61,32,29,0,0,0,0,0,0
"Radio and television broadcasting technology/technician",383,224,159,94,33,61,0,0,0
"Recording arts technology/technician",486,391,95,71,47,24,0,0,0
"Audiovisual communications technologies/technicians, other",285,258,27,0,0,0,0,0,0
"Graphic communications, general",295,91,204,14,5,9,0,0,0
"Printing management",77,26,51,0,0,0,0,0,0
"Prepress/desktop publishing and digital imaging design",17,8,9,1,0,1,0,0,0
"Animation/interactive technology/video graphics/special effects",2349,1189,1160,328,185,143,0,0,0
"Graphic and printing equipment operator, general production",5,3,2,0,0,0,0,0,0
"Printing press operator",10,6,4,0,0,0,0,0,0
"Graphic communications, other",88,38,50,0,0,0,0,0,0
"Communications technologies/technicians and support services, other",103,52,51,10,8,2,0,0,0
"Computer and information sciences, general",22538,18319,4219,9726,6840,2886,652,520,132
"Artificial intelligence",18,18,0,260,183,77,46,38,8
"Information technology",11034,8768,2266,4947,2956,1991,70,45,25
"Informatics",1276,922,354,611,361,250,26,16,10
"Computer and information sciences, other",576,456,120,216,139,77,9,4,5
"Computer programming/programmer, general",1089,927,162,53,38,15,0,0,0
"Computer programming, specific applications",349,297,52,53,44,9,0,0,0
"Computer programming, vendor/product certification",1,1,0,0,0,0,0,0,0
"Computer programming, other",94,80,14,39,19,20,0,0,0
"Data processing and data processing technology/technician",178,145,33,57,34,23,0,0,0
"Information science/studies",8823,6518,2305,6460,3726,2734,166,94,72
"Computer systems analysis/analyst",1043,810,233,603,375,228,4,1,3
"Data entry/microcomputer applications, general",0,0,0,0,0,0,0,0,0
"Computer science",30140,24309,5831,11532,8283,3249,1175,939,236
"Web page, digital/multimedia and information resources design",1148,481,667,488,197,291,0,0,0
"Data modeling/warehousing and database administration",183,128,55,1238,787,451,0,0,0
"Computer graphics",782,400,382,280,93,187,0,0,0
"Modeling, virtual environments and simulation",409,340,69,190,134,56,0,0,0
"Computer software and media applications, other",655,467,188,274,183,91,3,3,0
"Computer systems networking and telecommunications",1144,991,153,643,435,208,1,1,0
"Network and system administration/administrator",373,341,32,62,33,29,0,0,0
"System, networking, and LAN/WAN management/manager",210,186,24,20,16,4,0,0,0
"Computer and information systems security/information assurance",4819,4057,762,5136,3955,1181,56,45,11
"Web/multimedia management and webmaster",139,99,40,5,3,2,0,0,0
"Information technology project management",561,458,103,645,385,260,4,3,1
"Computer support specialist",5,5,0,0,0,0,0,0,0
"Computer/information tech. services admin. and management, other",858,648,210,1822,1260,562,0,0,0
"Computer and information sciences and support services, other",188,148,40,307,191,116,12,7,5
"Education, general",3867,650,3217,19912,4286,15626,2517,686,1831
"Bilingual and multilingual education",138,5,133,394,53,341,9,3,6
"Multicultural education",2,0,2,111,19,92,8,5,3
"Indian/Native American education",1,0,1,0,0,0,0,0,0
"Bilingual, multilingual, and multicultural education, other",0,0,0,78,10,68,2,0,2
"Curriculum and instruction",29,3,26,15387,2564,12823,1370,352,1018
"Educational leadership and administration, general",353,8,345,18668,5843,12825,4755,1719,3036
"Administration of special education",0,0,0,85,9,76,27,9,18
"Adult and continuing education administration",0,0,0,353,106,247,45,16,29
"Educational, instructional, and curriculum supervision",25,3,22,1046,261,785,102,28,74
"Higher education/higher education administration",0,0,0,3086,911,2175,625,208,417
"Community college education",0,0,0,94,18,76,199,67,132
"Elementary and middle school administration/principalship",113,2,111,658,278,380,12,6,6
"Secondary school administration/principalship",0,0,0,295,129,166,4,1,3
"Urban education and leadership",79,25,54,441,110,331,118,42,76
"Superintendency and educational system administration",0,0,0,452,156,296,158,52,106
"Educational administration and supervision, other",2,0,2,1309,417,892,510,179,331
"Educational/instructional technology",83,35,48,5340,1404,3936,199,77,122
"Educational evaluation and research",0,0,0,86,28,58,102,35,67
"Educational statistics and research methods",0,0,0,108,37,71,45,15,30
"Educational assessment, testing, and measurement",0,0,0,64,4,60,14,7,7
"Learning sciences",544,79,465,116,34,82,16,5,11
"Educational assessment, evaluation, and research, other",17,5,12,128,38,90,41,10,31
"International and comparative education",30,5,25,293,51,242,13,2,11
"Social and philosophical foundations of education",92,16,76,315,86,229,140,43,97
"Special education and teaching, general",5875,685,5190,12100,1912,10188,228,56,172
"Education/teaching of individuals with hearing impairments/deafness",86,2,84,116,13,103,5,2,3
"Education/teaching of the gifted and talented",0,0,0,270,21,249,0,0,0
"Education/teaching of individuals with emotional disturbances",14,1,13,54,16,38,6,0,6
"Education/teaching of individuals with mental retardation",90,11,79,47,8,39,6,2,4
"Education/teaching of individuals with multiple disabilities",83,11,72,373,75,298,0,0,0
"Educ./teach. of individuals with orthopedic/physical health impair.",1,0,1,0,0,0,0,0,0
"Education/teaching of individuals with vision impairments/blindness",11,0,11,108,16,92,0,0,0
"Educ./teach. of individuals with specific learning disabilities",159,12,147,232,25,207,0,0,0
"Education/teaching of individuals with speech/language impairments",95,6,89,258,8,250,0,0,0
"Education/teaching of individuals with autism",6,0,6,375,47,328,0,0,0
"Education/teaching of individuals who are developmentally delayed",23,4,19,174,29,145,0,0,0
"Educ./teach. of individuals in early childhood spec. educ. programs",702,28,674,822,42,780,0,0,0
"Education/teaching of individuals in elementary special educ. programs",450,38,412,812,102,710,0,0,0
"Educ./teach. of individuals in jr. high/middle school special educ. prog.",25,1,24,31,14,17,0,0,0
"Education/teaching of individuals in secondary special educ. prog.",23,5,18,426,152,274,0,0,0
"Special education and teaching, other",354,38,316,1647,176,1471,6,1,5
"Counselor education/school counseling and guidance services",3,0,3,10970,1837,9133,323,75,248
"College student counseling and personnel services",0,0,0,1030,279,751,48,19,29
"Student counseling and personnel services, other",0,0,0,211,37,174,4,0,4
"Adult and continuing education and teaching",44,8,36,858,260,598,128,32,96
"Elementary education and teaching",28603,2190,26413,7311,891,6420,25,2,23
"Junior high/intermediate/middle school education and teaching",2042,505,1537,679,194,485,1,0,1
"Secondary education and teaching",2927,1098,1829,4903,1871,3032,14,4,10
"Teacher education, multiple levels",1268,183,1085,4090,995,3095,9,3,6
"Montessori teacher education",10,0,10,236,25,211,0,0,0
"Waldorf/Steiner teacher education",0,0,0,0,0,0,0,0,0
"Kindergarten/preschool education and teaching",803,26,777,263,12,251,8,1,7
"Early childhood education and teaching",12444,464,11980,3329,110,3219,16,4,12
"Teacher educ. and prof. dev., specific levels and methods, other",158,30,128,3657,844,2813,80,27,53
"Agricultural teacher education",731,197,534,285,85,200,41,14,27
"Art teacher education",840,86,754,649,98,551,19,5,14
"Business teacher education",140,68,72,74,32,42,0,0,0
"Driver and safety teacher education",0,0,0,29,19,10,0,0,0
"English/language arts teacher education",1884,364,1520,807,194,613,14,3,11
"Foreign language teacher education",53,10,43,168,28,140,10,4,6
"Health teacher education",1176,310,866,310,73,237,29,7,22
"Family and consumer sciences/home economics teacher education",243,7,236,82,8,74,5,1,4
"Technology teacher education/industrial arts teacher education",240,187,53,341,133,208,2,1,1
"Sales and marketing operations/marketing and dist. teacher educ.",10,2,8,0,0,0,0,0,0
"Mathematics teacher education",1331,431,900,1422,435,987,53,12,41
"Music teacher education",3170,1329,1841,1148,466,682,71,37,34
"Physical education teaching and coaching",6251,3473,2778,1634,982,652,35,26,9
"Reading teacher education",20,0,20,5319,257,5062,109,19,90
"Science teacher education/general science teacher education",384,146,238,750,259,491,47,12,35
"Social science teacher education",464,252,212,114,57,57,0,0,0
"Social studies teacher education",1078,630,448,396,212,184,2,0,2
"Technical teacher education",172,87,85,208,78,130,44,17,27
"Trade and industrial teacher education",504,286,218,188,74,114,9,5,4
"Computer teacher education",71,4,67,123,34,89,0,0,0
"Biology teacher education",348,111,237,270,58,212,0,0,0
"Chemistry teacher education",79,27,52,84,38,46,0,0,0
"Drama and dance teacher education",111,18,93,96,22,74,0,0,0
"French language teacher education",22,4,18,8,4,4,0,0,0
"German language teacher education",11,4,7,0,0,0,0,0,0
"Health occupations teacher education",5,0,5,261,26,235,31,2,29
"History teacher education",513,273,240,107,58,49,0,0,0
"Physics teacher education",43,31,12,69,43,26,0,0,0
"Spanish language teacher education",231,51,180,109,27,82,0,0,0
"Speech teacher education",7,0,7,22,2,20,8,2,6
"Geography teacher education",1,0,1,1,1,0,0,0,0
"Latin teacher education",1,0,1,4,2,2,0,0,0
"School librarian/library media specialist",0,0,0,259,25,234,0,0,0
"Psychology teacher education",3,2,1,0,0,0,0,0,0
"Earth science teacher education",35,18,17,60,29,31,0,0,0
"Environmental education",1,1,0,27,5,22,0,0,0
"Teacher educ. and prof. dev., specific subject areas, other",172,61,111,1420,284,1136,38,14,24
"Teaching English as a second/foreign language/ESL language instructor",293,48,245,3217,589,2628,35,15,20
"Teaching English or French as a second or foreign lang., other",20,7,13,8,3,5,0,0,0
"Teacher assistant/aide",3,0,3,0,0,0,0,0,0
"Adult literacy tutor/instructor",0,0,0,5,0,5,0,0,0
"Education, other",1611,362,1249,2157,502,1655,480,144,336
"Engineering, general",2812,2157,655,2933,2263,670,430,325,105
"Pre-engineering",32,20,12,0,0,0,0,0,0
"Aerospace, aeronautical and astronautical engineering",4825,4161,664,1630,1342,288,362,308,54
"Agricultural engineering",1202,737,465,203,117,86,130,77,53
"Architectural engineering",770,478,292,173,109,64,15,13,2
"Bioengineering and biomedical engineering",7799,4011,3788,2907,1613,1294,1122,701,421
"Ceramic sciences and engineering",71,44,27,14,9,5,16,11,5
"Chemical engineering",11107,7204,3903,1771,1198,573,1032,692,340
"Chemical and biomolecular engineering",160,95,65,40,27,13,34,20,14
"Chemical engineering, other",0,0,0,5,3,2,0,0,0
"Civil engineering, general",14518,10842,3676,5150,3618,1532,1175,863,312
"Geotechnical  and geoenvironmental engineering",0,0,0,2,1,1,0,0,0
"Structural engineering",124,97,27,211,155,56,14,13,1
"Transportation and highway engineering",6,6,0,93,71,22,18,14,4
"Water resources engineering",1,1,0,61,22,39,11,6,5
"Civil engineering, other",22,12,10,61,43,18,6,4,2
"Computer engineering, general",8882,7724,1158,2723,2038,685,346,293,53
"Computer hardware engineering",0,0,0,37,34,3,0,0,0
"Computer software engineering",1498,1274,224,1690,1124,566,14,13,1
"Computer engineering, other",25,20,5,46,38,8,1,1,0
"Electrical and electronics engineering",17398,14834,2564,10030,7696,2334,2263,1875,388
"Laser and optical engineering",59,49,10,40,32,8,11,10,1
"Telecommunications engineering",0,0,0,154,106,48,2,1,1
"Electrical, electronics and communications engineering, other",127,108,19,161,127,34,20,19,1
"Engineering mechanics",136,109,27,71,59,12,80,65,15
"Engineering physics/applied physics",671,538,133,109,84,25,83,58,25
"Engineering science",571,388,183,283,201,82,142,107,35
"Environmental/environmental health engineering",1678,839,839,916,476,440,188,109,79
"Materials engineering",1542,1036,506,1140,796,344,714,494,220
"Mechanical engineering",36817,31117,5700,7819,6581,1238,1633,1372,261
"Metallurgical engineering",184,125,59,37,31,6,14,13,1
"Mining and mineral engineering",188,150,38,82,67,15,18,13,5
"Naval architecture and marine engineering",426,366,60,41,34,7,6,4,2
"Nuclear engineering",539,442,97,257,212,45,160,135,25
"Ocean engineering",192,142,50,85,66,19,30,24,6
"Petroleum engineering",1703,1421,282,386,310,76,146,120,26
"Systems engineering",825,591,234,1842,1391,451,112,88,24
"Textile sciences and engineering",260,63,197,76,29,47,30,10,20
"Polymer/plastics engineering",181,149,32,111,78,33,84,62,22
"Construction engineering",552,474,78,291,227,64,1,1,0
"Forest engineering",52,47,5,0,0,0,0,0,0
"Industrial engineering",5704,3831,1873,2853,2137,716,323,225,98
"Manufacturing engineering",484,399,85,347,268,79,10,9,1
"Operations research",456,269,187,974,582,392,70,54,16
"Surveying engineering",38,36,2,13,7,6,4,4,0
"Geological/geophysical engineering",247,158,89,119,86,33,17,10,7
"Paper science and engineering",27,21,6,7,4,3,2,0,2
"Electromechanical engineering",28,26,2,0,0,0,2,2,0
"Mechatronics, robotics, and automation engineering",294,257,37,298,240,58,26,24,2
"Biochemical engineering",110,59,51,6,4,2,0,0,0
"Engineering chemistry",9,7,2,0,0,0,0,0,0
"Biological/biosystems engineering",311,175,136,35,25,10,27,24,3
"Engineering, other",1024,740,284,1357,964,393,191,124,67
"Engineering technology, general",1594,1439,155,295,210,85,12,9,3
"Architectural engineering technology/technician",380,304,76,21,17,4,0,0,0
"Civil engineering technology/technician",453,396,57,0,0,0,0,0,0
"Electrical/electronic/communications eng. technology/technician",1335,1206,129,15,13,2,0,0,0
"Laser and optical technology/technician",0,0,0,0,0,0,0,0,0
"Telecommunications technology/technician",59,49,10,109,89,20,0,0,0
"Electrical/electronic eng. technologies/technicians, other",173,156,17,15,13,2,0,0,0
"Biomedical technology/technician",50,33,17,2,1,1,0,0,0
"Electromechanical technology/electromechanical eng. technology",268,253,15,11,9,2,0,0,0
"Instrumentation technology/technician",29,28,1,0,0,0,0,0,0
"Robotics technology/technician",28,24,4,18,16,2,0,0,0
"Automation engineer technology/technician",137,127,10,0,0,0,0,0,0
"Electromechanical/instrumentation and maintenance technol./tech.",16,14,2,0,0,0,0,0,0
"Heating, ventilation, air conditioning and refrig. eng. technol./tech.",10,10,0,0,0,0,0,0,0
"Energy management and systems technology/technician",125,107,18,99,84,15,0,0,0
"Solar energy technology/technician",0,0,0,14,12,2,0,0,0
"Water quality/wastewater treatment manage./recycling technol./tech.",3,3,0,0,0,0,0,0,0
"Environmental engineering technology/environmental technology",131,91,40,71,33,38,0,0,0
"Hazardous materials management and waste technology/technician",0,0,0,0,0,0,0,0,0
"Environmental control technologies/technicians, other",9,4,5,20,14,6,0,0,0
"Plastics and polymer engineering technology/technician",84,74,10,7,5,2,2,0,2
"Industrial technology/technician",1813,1612,201,246,169,77,9,5,4
"Manufacturing engineering technology/technician",676,633,43,80,67,13,0,0,0
"Welding engineering technology/technician",86,79,7,0,0,0,0,0,0
"Industrial production technologies/technicians, other",200,152,48,10,8,2,0,0,0
"Occupational safety and health technology/technician",1602,1298,304,539,397,142,4,4,0
"Quality control technology/technician",4,2,2,66,41,25,0,0,0
"Industrial safety technology/technician",200,157,43,23,17,6,0,0,0
"Quality control and safety technologies/technicians, other",13,13,0,4,2,2,0,0,0
"Aeronautical/aerospace engineering technology/technician",179,154,25,47,38,9,0,0,0
"Automotive engineering technology/technician",367,351,16,98,88,10,1,1,0
"Mechanical engineering/mechanical technology/technician",2034,1876,158,19,11,8,0,0,0
"Mechanical engineering related technologies/technicians, other",284,252,32,0,0,0,0,0,0
"Mining technology/technician",0,0,0,0,0,0,0,0,0
"Petroleum technology/technician",44,40,4,0,0,0,0,0,0
"Mining and petroleum technologies/technicians, other",0,0,0,0,0,0,0,0,0
"Construction engineering technology/technician",2373,2113,260,177,122,55,6,2,4
"Surveying technology/surveying",162,149,13,3,3,0,3,1,2
"Hydraulics and fluid power technology/technician",0,0,0,0,0,0,0,0,0
"Engineering-related technologies, other",10,9,1,0,0,0,0,0,0
"Computer engineering technology/technician",569,503,66,0,0,0,0,0,0
"Computer technology/computer systems technology",274,244,30,264,181,83,2,2,0
"Computer hardware technology/technician",0,0,0,0,0,0,0,0,0
"Computer software technology/technician",74,65,9,0,0,0,1,1,0
"Computer engineering technologies/technicians, other",52,50,2,0,0,0,0,0,0
"Drafting and design technologies/technicians, general",123,72,51,100,28,72,0,0,0
"CAD/CADD drafting and/or design technology/technician",164,132,32,56,36,20,0,0,0
"Architectural drafting and architectural CAD/CADD",20,14,6,22,14,8,0,0,0
"Civil drafting and civil engineering CAD/CADD",2,2,0,0,0,0,0,0,0
"Mechanical drafting and mechanical drafting CAD/CADD",24,14,10,0,0,0,0,0,0
"Drafting/design engineering technologies/technicians, other",27,21,6,0,0,0,0,0,0
"Nuclear engineering technology/technician",268,251,17,0,0,0,0,0,0
"Engineering/industrial management",1196,926,270,3315,2317,998,151,113,38
"Engineering design",0,0,0,75,40,35,5,4,1
"Packaging science",392,232,160,47,22,25,1,1,0
"Engineering-related fields, other",111,79,32,17,12,5,9,4,5
"Nanotechnology",11,10,1,61,46,15,9,8,1
"Engineering tech. and engineering-related fields, other",851,738,113,259,165,94,0,0,0
"Construction trades, general",0,0,0,0,0,0,0,0,0
"Mason/masonry",1,1,0,0,0,0,0,0,0
"Carpentry/carpenter",3,2,1,0,0,0,0,0,0
"Electrician",0,0,0,0,0,0,0,0,0
"Building/property maintenance",0,0,0,0,0,0,0,0,0
"Building/construction site management/manager",204,181,23,0,0,0,0,0,0
"Building construction technology",0,0,0,0,0,0,0,0,0
"Building/construction finishing, mgmt., and inspection, other",0,0,0,0,0,0,0,0,0
"Construction trades, other",0,0,0,0,0,0,0,0,0
"Communications systems installation and repair technology",0,0,0,0,0,0,0,0,0
"Industrial electronics technology/technician",0,0,0,0,0,0,0,0,0
"Heating, air conditioning, ventilation and refrig. main. tech.",0,0,0,0,0,0,0,0,0
"Heavy equipment maintenance technology/technician",23,22,1,0,0,0,0,0,0
"Autobody/collision and repair technology/technician",0,0,0,0,0,0,0,0,0
"Automobile/automotive mechanics technology/technician",52,47,5,0,0,0,0,0,0
"Diesel mechanics technology/technician",35,32,3,0,0,0,0,0,0
"Airframe mechanics and aircraft maintenance technology/technician",78,63,15,0,0,0,0,0,0
"Aircraft powerplant technology/technician",103,97,6,7,7,0,0,0,0
"Avionics maintenance technology/technician",29,28,1,0,0,0,0,0,0
"Vehicle maintenance and repair technologies, other",3,3,0,0,0,0,0,0,0
"English language and literature, general",31500,8799,22701,4095,1244,2851,1097,420,677
"Writing, general",658,173,485,65,15,50,0,0,0
"Creative writing",2875,837,2038,3112,1088,2024,20,10,10
"Professional, technical, business, and scientific writing",732,215,517,364,98,266,32,9,23
"Rhetoric and composition",2302,843,1459,166,47,119,95,36,59
"Rhetoric and composition/writing studies, other",274,125,149,140,61,79,4,0,4
"General literature",231,55,176,9,4,5,0,0,0
"American literature (United States)",26,9,17,4,0,4,0,0,0
"English literature (British and Commonwealth)",227,55,172,122,45,77,7,4,3
"Children's and adolescent literature",0,0,0,9,1,8,0,0,0
"Literature, other",1,0,1,0,0,0,0,0,0
"English language and literature/letters, other",509,162,347,131,32,99,19,5,14
"Work and family studies",0,0,0,0,0,0,0,0,0
"Family and consumer sciences/human sciences, general",3048,383,2665,497,99,398,54,17,37
"Business family and consumer sciences/human sciences",164,52,112,19,10,9,1,0,1
"Family and consumer sciences/human sciences communication",27,1,26,0,0,0,0,0,0
"Consumer merchandising/retailing management",161,28,133,20,5,15,0,0,0
"Family and consumer sciences/human sciences business services, other",12,1,11,0,0,0,0,0,0
"Family resource management studies, general",826,258,568,238,57,181,5,0,5
"Consumer economics",131,62,69,0,0,0,0,0,0
"Consumer services and advocacy",34,8,26,2,0,2,0,0,0
"Family and consumer economics and related services, other",295,31,264,3,0,3,4,1,3
"Foods, nutrition, and wellness studies, general",2255,439,1816,563,67,496,27,7,20
"Human nutrition",634,112,522,362,50,312,19,8,11
"Food service systems administration/management",592,209,383,10,4,6,0,0,0
"Foods, nutrition, and related services, other",24,5,19,38,6,32,0,0,0
"Housing and human environments, general",126,18,108,42,15,27,12,4,8
"Facilities planning and management",35,31,4,2,1,1,0,0,0
"Housing and human environments, other",5,1,4,0,0,0,0,0,0
"Human development and family studies, general",8708,672,8036,639,66,573,105,27,78
"Adult development and aging",11,1,10,88,6,82,3,2,1
"Family systems",526,45,481,38,2,36,15,5,10
"Child development",1698,63,1635,174,12,162,11,1,10
"Family and community services",1039,112,927,192,21,171,12,2,10
"Child care and support services management",390,18,372,120,4,116,0,0,0
"Child care provider/assistant",59,0,59,5,0,5,0,0,0
"Developmental services worker",0,0,0,2,0,2,0,0,0
"Human development, family studies, and related services, other",510,57,453,67,11,56,3,1,2
"Apparel and textiles, general",2005,135,1870,50,9,41,14,1,13
"Apparel and textile manufacture",129,33,96,8,0,8,0,0,0
"Textile science",3,0,3,0,0,0,0,0,0
"Apparel and textile marketing management",414,43,371,89,14,75,0,0,0
"Fashion and fabric consultant",41,8,33,0,0,0,0,0,0
"Apparel and textiles, other",14,5,9,10,0,10,0,0,0
"Family and consumer sciences/human sciences, other",46,2,44,9,3,6,0,0,0
"Foreign languages and literatures, general",1673,487,1186,220,58,162,24,6,18
"Linguistics",2075,627,1448,526,193,333,245,101,144
"Language interpretation and translation",70,18,52,171,39,132,15,1,14
"Comparative literature",631,214,417,150,65,85,150,53,97
"Applied linguistics",31,7,24,79,23,56,2,0,2
"Linguistic/comparative/related language studies and serv., other",210,66,144,31,11,20,10,2,8
"African languages, literatures, and linguistics",0,0,0,5,3,2,2,2,0
"East Asian languages, literatures, and linguistics, general",154,65,89,87,35,52,44,15,29
"Chinese language and literature",431,186,245,35,8,27,14,4,10
"Japanese language and literature",567,271,296,18,8,10,10,3,7
"Korean language and literature",60,14,46,5,2,3,4,0,4
"East Asian languages, literatures, and linguistics, other",78,33,45,17,7,10,19,11,8
"Slavic languages, literatures, and linguistics, general",42,17,25,47,18,29,30,12,18
"Russian language and literature",258,119,139,17,5,12,2,1,1
"Polish language and literature",2,1,1,0,0,0,0,0,0
"Germanic languages, literatures, and linguistics, general",51,21,30,19,10,9,25,9,16
"German language and literature",652,320,332,110,45,65,49,23,26
"Scandinavian languages, literatures, and linguistics",11,4,7,1,1,0,1,1,0
"Danish language and literature",1,0,1,0,0,0,0,0,0
"Dutch/Flemish language and literature",0,0,0,0,0,0,0,0,0
"Norwegian language and literature",6,3,3,0,0,0,0,0,0
"Swedish language and literature",2,1,1,0,0,0,0,0,0
"Germanic languages, literatures, and linguistics, other",14,3,11,0,0,0,0,0,0
"Modern Greek language and literature",0,0,0,0,0,0,1,0,1
"South Asian languages, literatures, and linguistics, general",2,2,0,1,0,1,1,1,0
"Sanskrit and classical Indian languages, literatures, and linguistics",0,0,0,0,0,0,0,0,0
"Iranian languages, literatures, and linguistics",2,1,1,0,0,0,0,0,0
"Romance languages, literatures, and linguistics, general",108,27,81,87,35,52,40,18,22
"French language and literature",1395,364,1031,216,63,153,86,16,70
"Italian language and literature",168,58,110,41,16,25,25,7,18
"Portuguese language and literature",33,20,13,12,4,8,7,3,4
"Spanish language and literature",5764,1475,4289,672,201,471,180,75,105
"Hispanic and Latin American languages, lit., and linguistics, general",136,38,98,26,12,14,10,4,6
"Romance languages, literatures, and linguistics, other",45,11,34,37,13,24,35,12,23
"American Indian/Native American languages, literatures, and linguistics",3,1,2,1,0,1,1,1,0
"Middle/Near Eastern and Semitic languages, lit., and linguistics, general",33,14,19,8,6,2,18,11,7
"Arabic language and literature",153,78,75,12,7,5,1,1,0
"Hebrew language and literature",5,3,2,18,7,11,4,2,2
"Ancient Near Eastern and biblical languages, lit., and linguistics",19,14,5,20,15,5,8,7,1
"Middle/Near Eastern and Semitic languages, lit., and ling., other",59,30,29,39,25,14,19,11,8
"Classics and classical languages, lit., and linguistics, general",799,329,470,190,89,101,103,62,41
"Ancient/classical Greek language and literature",15,4,11,0,0,0,0,0,0
"Latin language and literature",26,11,15,17,11,6,0,0,0
"Classics and classical languages, lit., and linguistics, other",24,12,12,17,10,7,0,0,0
"Celtic languages, literatures, and linguistics",1,1,0,2,0,2,2,1,1
"Filipino/Tagalog language and literature",11,1,10,0,0,0,0,0,0
"Turkish language and literature",0,0,0,0,0,0,0,0,0
"Uralic languages, literatures, and linguistics",2,2,0,0,0,0,0,0,0
"American sign language (ASL)",136,16,120,33,17,16,0,0,0
"Linguistics of ASL and other sign languages",0,0,0,19,6,13,1,0,1
"Sign language interpretation and translation",388,52,336,41,6,35,3,1,2
"American sign language, other",0,0,0,0,0,0,0,0,0
"Foreign languages, literatures, and linguistics, other",246,78,168,33,12,21,20,8,12
"Health services/allied health/health sciences, general",13147,3098,10049,759,218,541,222,68,154
"Health and wellness, general",3259,811,2448,352,98,254,15,5,10
"Chiropractic",0,0,0,0,0,0,2608,1475,1133
"Communication sciences and disorders, general",4891,256,4635,1831,93,1738,45,3,42
"Audiology/audiologist",177,13,164,133,3,130,688,83,605
"Speech-language pathology/pathologist",1417,50,1367,3843,149,3694,85,4,81
"Audiology/audiologist and speech-language pathology/pathologist",4521,174,4347,2735,96,2639,236,36,200
"Communication disorders sciences and services, other",65,6,59,85,4,81,15,2,13
"Dentistry",0,0,0,0,0,0,6321,3118,3203
"Dental clinical sciences, general",0,0,0,289,149,140,15,4,11
"Advanced general dentistry",0,0,0,24,15,9,0,0,0
"Oral biology and oral maxillofacial pathology",0,0,0,126,67,59,19,10,9
"Dental public health and education",0,0,0,14,3,11,3,1,2
"Dental materials",0,0,0,0,0,0,0,0,0
"Endodontics/endodontology",0,0,0,35,24,11,1,0,1
"Oral/maxillofacial surgery",0,0,0,0,0,0,0,0,0
"Orthodontics/orthodontology",0,0,0,103,57,46,0,0,0
"Pediatric dentistry/pedodontics",0,0,0,28,6,22,3,0,3
"Periodontics/periodontology",0,0,0,32,12,20,2,1,1
"Prosthodontics/prosthodontology",0,0,0,24,12,12,4,3,1
"Advanced/graduate dentistry and oral sciences, other",0,0,0,65,36,29,9,2,7
"Dental assisting/assistant",1,0,1,0,0,0,0,0,0
"Dental hygiene/hygienist",2443,112,2331,75,2,73,0,0,0
"Dental laboratory technology/technician",5,0,5,0,0,0,0,0,0
"Dental services and allied professions, other",13,0,13,6,2,4,0,0,0
"Health/health care administration/management",12265,2472,9793,10804,2968,7836,274,93,181
"Hospital and health care facilities administration/management",2377,304,2073,1420,395,1025,2,0,2
"Health unit manager/ward supervisor",0,0,0,4,2,2,0,0,0
"Medical office management/administration",3,0,3,0,0,0,0,0,0
"Health information/medical records administration/administrator",1582,257,1325,547,169,378,0,0,0
"Health information/medical records technology/technician",75,17,58,30,8,22,0,0,0
"Medical office assistant/specialist",2,0,2,0,0,0,0,0,0
"Medical/health management and clinical assistant/specialist",65,4,61,3,0,3,0,0,0
"Medical staff services technology/technician",0,0,0,0,0,0,0,0,0
"Long term care administration/management",62,8,54,20,6,14,0,0,0
"Clinical research coordinator",7,1,6,165,43,122,0,0,0
"Health and medical administrative services, other",691,166,525,295,66,229,16,4,12
"Medical/clinical assistant",10,0,10,0,0,0,0,0,0
"Occupational therapist assistant",33,8,25,32,4,28,0,0,0
"Pharmacy technician/assistant",0,0,0,0,0,0,0,0,0
"Physical therapy technician/assistant",54,20,34,0,0,0,0,0,0
"Veterinary/animal health technology/technician and vet. assistant",488,21,467,0,0,0,0,0,0
"Anesthesiologist assistant",0,0,0,225,110,115,0,0,0
"Emergency care attendant (EMT ambulance)",1,1,0,0,0,0,0,0,0
"Pathology/pathologist assistant",12,1,11,112,19,93,0,0,0
"Respiratory therapy technician/assistant",34,4,30,0,0,0,0,0,0
"Radiologist assistant",4,1,3,0,0,0,0,0,0
"Speech-language pathology assistant",18,0,18,0,0,0,0,0,0
"Allied health and medical assisting services, other",572,133,439,106,23,83,0,0,0
"Cardiovascular technology/technologist",92,29,63,28,13,15,0,0,0
"Electrocardiograph technology/technician",0,0,0,0,0,0,0,0,0
"Electroneurodiagnostic/electroencephalographic technology/technologist",3,1,2,0,0,0,0,0,0
"Emergency medical technology/technician (EMT paramedic)",322,220,102,11,3,8,0,0,0
"Nuclear medical technology/technologist",303,95,208,16,4,12,0,0,0
"Perfusion technology/perfusionist",10,7,3,94,52,42,0,0,0
"Medical radiologic technology/science radiation therapist",1165,223,942,88,33,55,0,0,0
"Respiratory care therapy/therapist",1527,427,1100,100,33,67,0,0,0
"Surgical technology/technologist",18,4,14,0,0,0,0,0,0
"Diagnostic medical sonography/sonographer and ultrasound technician",808,96,712,6,1,5,0,0,0
"Radiologic technology/science radiographer",1645,376,1269,91,41,50,3,1,2
"Physician assistant",536,145,391,9192,2293,6899,166,84,82
"Athletic training/trainer",3528,1320,2208,1154,459,695,76,39,37
"Gene/genetic therapy",4,0,4,0,0,0,2,1,1
"Cardiopulmonary technology/technologist",12,2,10,0,0,0,0,0,0
"Radiation protection/health physics technician",16,5,11,10,4,6,0,0,0
"Polysomnography",5,1,4,0,0,0,0,0,0
"Magnetic resonance imaging (MRI) technology/technician",49,12,37,2,2,0,0,0,0
"Allied health diagnostic/intervention/treatment professions, other",585,138,447,78,23,55,48,6,42
"Blood bank technology specialist",0,0,0,7,1,6,0,0,0
"Cytotechnology/cytotechnologist",29,7,22,11,2,9,0,0,0
"Hematology technology/technician",0,0,0,7,2,5,0,0,0
"Clinical/medical laboratory technician",187,45,142,0,0,0,0,0,0
"Clinical laboratory science/medical technology/technologist",2901,749,2152,256,65,191,0,0,0
"Histologic technology/histotechnologist",20,3,17,3,1,2,0,0,0
"Histologic technician",14,4,10,0,0,0,0,0,0
"Cytogenetics/genetics/clinical genetics technology/technologist",33,9,24,24,7,17,0,0,0
"Clinical/medical laboratory science and allied professions, other",579,140,439,121,45,76,5,5,0
"Pre-dentistry studies",13,6,7,0,0,0,0,0,0
"Pre-medicine/pre-medical studies",860,316,544,64,23,41,0,0,0
"Pre-pharmacy studies",24,8,16,0,0,0,0,0,0
"Pre-veterinary studies",396,62,334,0,0,0,0,0,0
"Pre-nursing studies",20,3,17,0,0,0,0,0,0
"Pre-occupational therapy studies",68,7,61,9,3,6,0,0,0
"Pre-optometry studies",3,0,3,0,0,0,0,0,0
"Pre-physical therapy studies",265,91,174,0,0,0,0,0,0
"Health/medical preparatory programs, other",1702,471,1231,228,84,144,1,0,1
"Medicine",0,0,0,0,0,0,19423,10069,9354
"Medical scientist",0,0,0,671,307,364,51,24,27
"Substance abuse/addiction counseling",451,118,333,561,151,410,2,0,2
"Psychiatric/mental health services technician",337,49,288,0,0,0,2,0,2
"Clinical/medical social work",191,25,166,1085,141,944,8,2,6
"Community health services/liaison/counseling",1621,284,1337,200,25,175,12,1,11
"Marriage and family therapy/counseling",28,5,23,2946,469,2477,156,31,125
"Clinical pastoral counseling/patient counseling",4,1,3,149,46,103,13,7,6
"Psychoanalysis and psychotherapy",0,0,0,5,4,1,3,1,2
"Mental health counseling/counselor",35,4,31,5819,945,4874,35,4,31
"Genetic counseling/counselor",0,0,0,193,16,177,0,0,0
"Mental and social health services and allied professions, other",417,42,375,1746,307,1439,52,11,41
"Optometry",0,0,0,0,0,0,1685,526,1159
"Ophthalmic technician/technologist",3,1,2,0,0,0,0,0,0
"Orthoptics/orthoptist",0,0,0,0,0,0,0,0,0
"Ophthalmic/optometric support services/allied professions, other",7,5,2,15,4,11,2,1,1
"Osteopathic medicine/osteopathy",0,0,0,0,0,0,6700,3699,3001
"Pharmacy",1004,347,657,3,2,1,14872,5590,9282
"Pharmacy admin. and pharmacy policy and regulatory affairs",0,0,0,281,106,175,15,8,7
"Pharmaceutics and drug design",196,68,128,128,52,76,174,90,84
"Medicinal and pharmaceutical chemistry",7,3,4,53,26,27,116,63,53
"Natural products chemistry and pharmacognosy",0,0,0,1,1,0,9,4,5
"Clinical and industrial drug development",26,4,22,125,37,88,4,2,2
"Pharmacoeconomics/pharmaceutical economics",0,0,0,65,22,43,23,12,11
"Clinical, hospital, and managed care pharmacy",0,0,0,10,4,6,0,0,0
"Industrial and physical pharmacy and cosmetic sciences",10,1,9,42,14,28,0,0,0
"Pharmaceutical sciences",960,348,612,262,91,171,181,88,93
"Pharmaceutical marketing and management",43,30,13,33,18,15,0,0,0
"Pharmacy, pharmaceutical sciences, and administration, other",479,157,322,227,78,149,13,5,8
"Podiatric medicine/podiatry",0,0,0,0,0,0,579,352,227
"Public health, general",7444,1452,5992,10586,2519,8067,515,156,359
"Environmental health",388,158,230,571,190,381,98,38,60
"Health/medical physics",41,17,24,115,79,36,44,34,10
"Occupational health and industrial hygiene",179,137,42,98,55,43,5,4,1
"Public health education and promotion",3241,609,2632,886,130,756,80,18,62
"Community health and preventive medicine",1815,340,1475,252,63,189,29,5,24
"Maternal and child health",19,0,19,92,5,87,16,3,13
"International public health/international health",206,33,173,563,140,423,20,3,17
"Health services administration",1202,175,1027,1131,352,779,19,5,14
"Behavioral aspects of health",376,79,297,78,11,67,27,12,15
"Public health, other",1572,336,1236,988,240,748,106,30,76
"Art therapy/therapist",199,5,194,456,26,430,7,1,6
"Dance therapy/therapist",0,0,0,35,0,35,0,0,0
"Music therapy/therapist",467,65,402,149,32,117,3,0,3
"Occupational therapy/therapist",784,54,730,7041,770,6271,1138,134,1004
"Orthotist/prosthetist",3,1,2,205,83,122,0,0,0
"Physical therapy/therapist",385,116,269,54,15,39,12256,4628,7628
"Therapeutic recreation/recreational therapy",837,86,751,41,5,36,0,0,0
"Vocational rehabilitation counseling/counselor",309,54,255,810,170,640,20,5,15
"Kinesiotherapy/kinesiotherapist",85,33,52,24,7,17,0,0,0
"Assistive/augmentative technology and rehabilitation engineering",0,0,0,58,6,52,3,2,1
"Animal-assisted therapy",25,0,25,0,0,0,0,0,0
"Rehabilitation science",981,169,812,90,31,59,54,22,32
"Rehabilitation and therapeutic professions, other",523,116,407,263,48,215,35,11,24
"Veterinary medicine",0,0,0,0,0,0,3231,624,2607
"Veterinary sciences/veterinary clinical sciences, general",13,4,9,161,29,132,53,21,32
"Veterinary physiology",0,0,0,0,0,0,1,1,0
"Veterinary microbiology and immunobiology",19,7,12,2,2,0,5,2,3
"Veterinary pathology and pathobiology",0,0,0,20,7,13,40,14,26
"Large animal/food animal/equine surgery and medicine",0,0,0,0,0,0,0,0,0
"Small/companion animal surgery and medicine",0,0,0,11,5,6,0,0,0
"Comparative and laboratory animal medicine",0,0,0,31,6,25,0,0,0
"Veterinary preventive medicine epidemiology/public health",0,0,0,11,3,8,0,0,0
"Veterinary infectious diseases",0,0,0,20,5,15,11,1,10
"Medical illustration/medical illustrator",41,6,35,40,7,33,0,0,0
"Medical informatics",71,19,52,1156,462,694,61,42,19
"Medical illustration and informatics, other",0,0,0,39,7,32,0,0,0
"Dietetics/dietitian",2324,277,2047,516,52,464,4,0,4
"Clinical nutrition/nutritionist",185,32,153,757,98,659,10,1,9
"Dietetic technician",0,0,0,0,0,0,0,0,0
"Dietitian assistant",149,33,116,0,0,0,0,0,0
"Dietetics and clinical nutrition services, other",133,17,116,173,14,159,16,4,12
"Bioethics/medical ethics",31,2,29,396,145,251,34,9,25
"Alternative and complementary medicine and medical systems, general",165,30,135,17,2,15,1,0,1
"Acupuncture and oriental medicine",8,1,7,1302,362,940,727,204,523
"Traditional Chinese medicine and Chinese herbology",0,0,0,135,33,102,14,5,9
"Naturopathic medicine/naturopathy",0,0,0,0,0,0,352,67,285
"Ayurvedic medicine/Ayurveda",3,0,3,12,6,6,0,0,0
"Holistic health",175,40,135,28,3,25,0,0,0
"Alternative and complementary medicine and medical systems, other",44,1,43,6,0,6,0,0,0
"Direct entry midwifery",14,0,14,18,0,18,0,0,0
"Alternative and complementary medical support services, other",0,0,0,67,3,64,0,0,0
"Massage therapy/therapeutic massage",19,3,16,0,0,0,0,0,0
"Asian bodywork therapy",0,0,0,0,0,0,0,0,0
"Somatic bodywork and related therapeutic services, other",0,0,0,0,0,0,0,0,0
"Movement therapy and movement education",54,21,33,23,2,21,12,7,5
"Yoga teacher training/yoga therapy",7,4,3,32,3,29,0,0,0
"Herbalism/herbalist",18,3,15,15,4,11,0,0,0
"Energy and biologically based therapies, other",0,0,0,0,0,0,0,0,0
"Registered nursing/registered nurse",143232,18632,124600,17324,2074,15250,1042,156,886
"Nursing administration",827,100,727,7455,737,6718,340,35,305
"Adult health nurse/nursing",329,36,293,1295,151,1144,63,9,54
"Nurse anesthetist",0,0,0,1354,583,771,567,207,360
"Family practice nurse/nursing",80,6,74,13557,1590,11967,553,63,490
"Maternal/child health and neonatal nurse/nursing",0,0,0,167,8,159,16,0,16
"Nurse midwife/nursing midwifery",0,0,0,451,2,449,5,0,5
"Nursing science",1233,145,1088,1607,182,1425,865,102,763
"Pediatric nurse/nursing",0,0,0,452,10,442,15,2,13
"Psychiatric/mental health nurse/nursing",0,0,0,542,131,411,69,12,57
"Public health/community nurse/nursing",746,72,674,261,15,246,5,0,5
"Perioperative/operating room and surgical nurse/nursing",0,0,0,164,25,139,0,0,0
"Clinical nurse specialist",15,1,14,363,58,305,9,0,9
"Critical care nursing",0,0,0,477,78,399,10,1,9
"Occupational and environmental health nursing",0,0,0,31,5,26,2,1,1
"Emergency room/trauma nursing",0,0,0,20,5,15,0,0,0
"Nursing education",23,3,20,1430,104,1326,150,4,146
"Nursing practice",757,76,681,453,49,404,4735,542,4193
"Palliative care nursing",0,0,0,6,1,5,1,0,1
"Clinical nurse leader",13,1,12,502,61,441,0,0,0
"Geriatric nurse/nursing",0,0,0,403,53,350,13,3,10
"Women's health nurse/nursing",0,0,0,173,0,173,1,0,1
"Reg. nursing, nursing admin., nursing research and clinical nursing, other",3051,361,2690,1922,257,1665,311,28,283
"Licensed practical/vocational nurse training",1,0,1,0,0,0,0,0,0
"Practical nursing, vocational nursing and nursing assistants, other",5,1,4,0,0,0,2,1,1
"Health professions and related clinical sciences, other",4634,1012,3622,1044,317,727,60,25,35
"Corrections",345,150,195,3,2,1,0,0,0
"Criminal justice/law enforcement administration",15091,7574,7517,2555,1227,1328,70,38,32
"Criminal justice/safety studies",29893,14284,15609,3033,1246,1787,121,51,70
"Forensic science and technology",1631,456,1175,580,139,441,2,0,2
"Criminal justice/police science",2845,1497,1348,55,14,41,8,4,4
"Security and loss prevention services",2,1,1,29,13,16,0,0,0
"Juvenile corrections",23,2,21,10,1,9,4,1,3
"Criminalistics and criminal science",222,54,168,36,8,28,3,1,2
"Securities services administration/management",452,356,96,163,113,50,0,0,0
"Corrections administration",123,61,62,5,2,3,0,0,0
"Law enforcement investigation and interviewing",0,0,0,77,31,46,0,0,0
"Cyber/computer forensics and counterterrorism",406,310,96,500,319,181,0,0,0
"Financial forensics and fraud investigation",132,59,73,116,52,64,0,0,0
"Law enforcement intelligence analysis",15,8,7,12,6,6,0,0,0
"Critical incident response/special police operations",0,0,0,0,0,0,0,0,0
"Protective services operations",3,2,1,0,0,0,0,0,0
"Corrections and criminal justice, other",1450,636,814,379,157,222,0,0,0
"Fire prevention and safety technology/technician",107,92,15,8,7,1,0,0,0
"Fire services administration",892,840,52,77,58,19,3,2,1
"Fire science/firefighting",320,288,32,4,4,0,0,0,0
"Fire/arson investigation and prevention",45,27,18,0,0,0,0,0,0
"Fire protection, other",58,49,9,9,9,0,0,0,0
"Homeland security",1244,916,328,783,502,281,16,11,5
"Crisis/emergency/disaster management",897,703,194,753,505,248,12,8,4
"Critical infrastructure protection",165,129,36,514,372,142,0,0,0
"Terrorism and counterterrorism operations",15,13,2,53,37,16,0,0,0
"Homeland security, other",85,63,22,20,12,8,0,0,0
"Homeland sec., law enforcement, firefighting, and related prot. serv., other",878,578,300,529,365,164,11,8,3
"Legal studies, general",2266,775,1491,293,126,167,3,1,2
"Pre-law studies",236,102,134,51,18,33,0,0,0
"Law",0,0,0,0,0,0,34133,16512,17621
"Advanced legal research/studies, general",75,22,53,2258,930,1328,96,52,44
"Programs for foreign lawyers",0,0,0,1905,824,1081,0,0,0
"American/U.S. law/legal studies/jurisprudence",70,35,35,558,216,342,31,19,12
"Banking, corporate, finance, and securities law",0,0,0,216,91,125,1,1,0
"Comparative law",0,0,0,42,21,21,0,0,0
"Energy, environment, and natural resources law",8,7,1,178,97,81,1,0,1
"Health law",0,0,0,357,94,263,0,0,0
"International law and legal studies",2,0,2,457,194,263,5,3,2
"International business, trade, and tax law",0,0,0,240,106,134,0,0,0
"Tax law/taxation",0,0,0,760,444,316,3,2,1
"Intellectual property law",0,0,0,111,42,69,0,0,0
"Legal research and advanced professional studies, other",6,0,6,894,352,542,24,20,4
"Legal administrative assistant/secretary",1,1,0,13,11,2,0,0,0
"Legal assistant/paralegal",1062,224,838,94,16,78,0,0,0
"Court reporting/court reporter",4,0,4,0,0,0,0,0,0
"Legal support services, other",65,7,58,13,4,9,0,0,0
"Legal professions and studies, other",447,142,305,1046,417,629,90,42,48
"Liberal arts and sciences/liberal studies",24002,7853,16149,1275,498,777,11,4,7
"General studies",14636,6073,8563,183,65,118,1,0,1
"Humanities/humanistic studies",1651,506,1145,498,183,315,87,26,61
"Liberal arts and sciences, general studies and humanities, other",3933,1473,2460,153,46,107,10,5,5
"Library and information science",99,12,87,4987,898,4089,39,13,26
"Children and youth library services",0,0,0,18,1,17,0,0,0
"Archives/archival administration",0,0,0,36,5,31,0,0,0
"Library science, other",0,0,0,123,14,109,0,0,0
"Mathematics, general",18116,10383,7733,2656,1670,986,1212,886,326
"Analysis and functional analysis",2,1,1,0,0,0,0,0,0
"Topology and foundations",0,0,0,0,0,0,2,2,0
"Mathematics, other",395,219,176,35,13,22,10,5,5
"Applied mathematics, general",2632,1563,1069,1047,657,390,243,171,72
"Computational mathematics",210,123,87,7,6,1,14,12,2
"Computational and applied mathematics",306,195,111,302,168,134,21,16,5
"Financial mathematics",383,235,148,3554,2023,1531,9,8,1
"Mathematical biology",24,9,15,0,0,0,0,0,0
"Applied mathematics, other",217,127,90,6,3,3,7,5,2
"Statistics, general",2938,1643,1295,3291,1801,1490,446,281,165
"Mathematical statistics and probability",204,121,83,174,94,80,14,10,4
"Mathematics and statistics",117,73,44,124,64,60,0,0,0
"Statistics, other",270,171,99,140,74,66,11,4,7
"Mathematics and statistics, other",332,174,158,44,26,18,14,10,4
"Intelligence, general",402,314,88,114,69,45,0,0,0
"Strategic intelligence",8,7,1,57,40,17,0,0,0
"Signal/geospatial intelligence",12,9,3,8,4,4,0,0,0
"Cyber/electronic operations and warfare",158,132,26,357,284,73,0,0,0
"Intelligence, command control and information operations, other",0,0,0,0,0,0,0,0,0
"Space systems operations",0,0,0,24,19,5,0,0,0
"Military applied sciences, other",51,49,2,0,0,0,0,0,0
"Aerospace ground equipment technology",16,14,2,0,0,0,0,0,0
"Air and space operations technology",20,10,10,0,0,0,0,0,0
"Military systems and maintenance technology, other",0,0,0,0,0,0,0,0,0
"Military technologies and applied sciences, other",100,73,27,12,8,4,0,0,0
"Multi/interdisciplinary studies, general",5425,2073,3352,176,66,110,6,3,3
"Biological and physical sciences",2130,832,1298,466,213,253,69,33,36
"Peace studies and conflict resolution",456,138,318,512,184,328,28,13,15
"Systems science and theory",428,252,176,350,147,203,31,21,10
"Mathematics and computer science",870,651,219,165,100,65,13,8,5
"Biopsychology",162,40,122,0,0,0,1,1,0
"Gerontology",267,31,236,400,64,336,30,2,28
"Historic preservation and conservation",96,23,73,184,37,147,2,1,1
"Cultural resource management and policy analysis",0,0,0,30,6,24,0,0,0
"Historic preservation and conservation, other",1,0,1,12,4,8,0,0,0
"Medieval and renaissance studies",27,7,20,24,18,6,7,3,4
"Museology/museum studies",24,2,22,587,91,496,0,0,0
"Science, technology and society",896,508,388,143,62,81,26,12,14
"Accounting and computer science",1,0,1,10,4,6,0,0,0
"Behavioral sciences",2351,455,1896,612,119,493,53,8,45
"Natural sciences",610,240,370,79,33,46,7,5,2
"Nutrition sciences",3303,567,2736,1150,142,1008,148,47,101
"International/global studies",5840,2091,3749,1083,546,537,9,0,9
"Holocaust and related studies",9,3,6,17,6,11,0,0,0
"Ancient studies/civilization",90,31,59,8,1,7,11,6,5
"Classical, ancient Mediterranean/Near Eastern studies/archaeology",80,32,48,4,1,3,6,2,4
"Intercultural/multicultural and diversity studies",143,35,108,87,25,62,10,7,3
"Cognitive science",1923,739,1184,92,41,51,33,17,16
"Cultural studies/critical theory and analysis",121,47,74,27,9,18,11,6,5
"Human biology",1404,349,1055,1,0,1,6,3,3
"Dispute resolution",0,0,0,321,125,196,22,8,14
"Maritime studies",25,11,14,20,12,8,0,0,0
"Computational science",94,69,25,682,467,215,33,26,7
"Human computer interaction",615,487,128,502,220,282,12,6,6
"Marine sciences",142,48,94,73,34,39,19,8,11
"Sustainability studies",733,315,418,1011,415,596,10,3,7
"Multi/interdisciplinary studies, other",25032,8577,16455,1893,764,1129,297,128,169
"Parks, recreation and leisure studies",2911,1232,1679,167,70,97,16,7,9
"Parks, recreation and leisure facilities management",3019,1370,1649,322,148,174,17,5,12
"Golf course operation and grounds management",6,6,0,0,0,0,0,0,0
"Parks, recreation and leisure facilities management, other",5,3,2,0,0,0,0,0,0
"Health and physical education/fitness, general",10186,4896,5290,1105,602,503,30,13,17
"Sport and fitness administration/management",10265,7522,2743,4439,2810,1629,45,28,17
"Kinesiology and exercise science",25514,11073,14441,2591,1307,1284,185,105,80
"Physical fitness technician",74,49,25,9,8,1,0,0,0
"Sports studies",217,152,65,107,55,52,12,5,7
"Health and physical education/fitness, other",1098,545,553,163,64,99,28,10,18
"Outdoor education",114,58,56,39,10,29,0,0,0
"Parks, recreation, leisure, and fitness studies, other",137,78,59,21,9,12,4,2,2
"Philosophy and religious studies, general",107,73,34,9,8,1,29,18,11
"Philosophy",5954,3788,2166,710,534,176,418,281,137
"Logic",8,5,3,7,4,3,1,1,0
"Ethics",61,16,45,47,21,26,1,1,0
"Applied and professional ethics",22,12,10,17,4,13,0,0,0
"Philosophy, other",231,141,90,12,8,4,3,1,2
"Religion/religious studies",2511,1373,1138,475,259,216,214,141,73
"Buddhist studies",0,0,0,2,2,0,2,2,0
"Christian studies",302,202,100,196,121,75,0,0,0
"Hindu studies",0,0,0,0,0,0,0,0,0
"Islamic studies",8,5,3,15,9,6,5,4,1
"Jewish/Judaic studies",181,50,131,94,46,48,7,4,3
"Religion/religious studies, other",52,33,19,25,12,13,9,5,4
"Philosophy and religious studies, other",178,101,77,82,58,24,14,3,11
"Physical sciences",30517,18120,12397,7067,4379,2688,6298,4169,2129
"Physical sciences",280,158,122,82,52,30,20,14,6
"Astronomy",379,237,142,141,85,56,108,66,42
"Astrophysics",211,133,78,55,34,21,48,29,19
"Planetary astronomy and science",11,6,5,20,11,9,15,8,7
"Astronomy and astrophysics, other",41,27,14,9,4,5,14,9,5
"Atmospheric sciences and meteorology, general",450,259,191,197,108,89,135,82,53
"Atmospheric chemistry and climatology",8,4,4,0,0,0,0,0,0
"Atmospheric physics and dynamics",0,0,0,0,0,0,2,1,1
"Meteorology",151,93,58,18,8,10,16,10,6
"Atmospheric sciences and meteorology, other",26,15,11,2,2,0,1,0,1
"Chemistry, general",13723,6817,6906,2224,1205,1019,2932,1761,1171
"Analytical chemistry",11,1,10,17,8,9,6,2,4
"Inorganic chemistry",0,0,0,0,0,0,5,3,2
"Organic chemistry",0,0,0,3,2,1,8,5,3
"Physical chemistry",1,0,1,1,0,1,2,2,0
"Polymer chemistry",1,1,0,66,41,25,35,28,7
"Chemical physics",26,16,10,8,7,1,17,8,9
"Environmental chemistry",5,2,3,3,2,1,8,5,3
"Forensic chemistry",163,34,129,6,3,3,0,0,0
"Theoretical chemistry",7,5,2,0,0,0,1,1,0
"Chemistry, other",483,216,267,27,14,13,30,16,14
"Geology/earth science, general",5312,3132,2180,1350,781,569,514,303,211
"Geochemistry",22,12,10,14,3,11,4,3,1
"Geophysics and seismology",177,111,66,86,53,33,69,55,14
"Paleontology",5,3,2,3,0,3,0,0,0
"Hydrology and water resources science",40,29,11,103,55,48,25,14,11
"Geochemistry and petrology",0,0,0,0,0,0,0,0,0
"Oceanography, chemical and physical",215,104,111,144,63,81,138,63,75
"Geological and earth sciences/geosciences, other",572,308,264,169,92,77,57,33,24
"Physics, general",7380,5815,1565,1672,1316,356,1746,1397,349
"Atomic/molecular physics",2,2,0,3,3,0,6,3,3
"Elementary particle physics",0,0,0,0,0,0,3,2,1
"Nuclear physics",0,0,0,0,0,0,1,1,0
"Optics/optical sciences",24,16,8,106,80,26,46,34,12
"Condensed matter and materials physics",2,1,1,4,4,0,6,3,3
"Acoustics",11,9,2,36,33,3,3,3,0
"Theoretical and mathematical physics",22,16,6,0,0,0,0,0,0
"Physics, other",237,193,44,140,108,32,62,52,10
"Materials science",225,174,51,248,165,83,159,113,46
"Materials chemistry",0,0,0,9,5,4,9,8,1
"Materials sciences, other",0,0,0,2,1,1,8,7,1
"Physical sciences, other",294,171,123,99,31,68,39,25,14
"Science technologies/technicians, general",105,97,8,3,0,3,0,0,0
"Biology technician/biotechnology laboratory technician",56,22,34,0,0,0,0,0,0
"Nuclear/nuclear power technology/technician",15,14,1,0,0,0,0,0,0
"Nuclear and industrial radiologic technologies/technicians, other",0,0,0,0,0,0,0,0,0
"Chemical technology/technician",0,0,0,0,0,0,0,0,0
"Physical science technologies/technicians, other",0,0,0,0,0,0,0,0,0
"Science technologies/technicians, other",455,245,210,51,20,31,0,0,0
"Tool and die technology/technician",0,0,0,0,0,0,0,0,0
"Welding technology/welder",4,4,0,0,0,0,0,0,0
"Ironworking/ironworker",1,0,1,0,0,0,0,0,0
"Furniture design and manufacturing",42,19,23,12,8,4,0,0,0
"Psychology, general",102742,21248,81494,6187,1421,4766,1637,485,1152
"Cognitive psychology and psycholinguistics",144,48,96,46,11,35,22,7,15
"Comparative psychology",0,0,0,13,2,11,0,0,0
"Developmental and child psychology",551,65,486,336,30,306,50,6,44
"Experimental psychology",2122,523,1599,312,98,214,213,81,132
"Personality psychology",10,1,9,5,3,2,7,2,5
"Physiological psychology/psychobiology",1175,348,827,28,6,22,10,5,5
"Social psychology",988,226,762,41,18,23,50,9,41
"Psychometrics and quantitative psychology",2,0,2,26,13,13,10,2,8
"Psychopharmacology",0,0,0,23,8,15,0,0,0
"Research and experimental psychology, other",5219,1184,4035,227,56,171,272,109,163
"Clinical psychology",218,40,178,2681,528,2153,2178,486,1692
"Community psychology",346,63,283,224,33,191,35,10,25
"Counseling psychology",487,82,405,8176,1392,6784,403,92,311
"Industrial and organizational psychology",195,80,115,1442,441,1001,158,53,105
"School psychology",2,0,2,1803,244,1559,374,75,299
"Educational psychology",100,7,93,1290,206,1084,351,77,274
"Clinical child psychology",0,0,0,34,5,29,30,5,25
"Environmental psychology",0,0,0,2,1,1,1,1,0
"Geropsychology",0,0,0,2,1,1,0,0,0
"Health/medical psychology",68,10,58,19,2,17,28,2,26
"Family psychology",14,2,12,66,6,60,0,0,0
"Forensic psychology",619,110,509,917,124,793,47,1,46
"Applied psychology",893,182,711,486,136,350,36,15,21
"Applied behavior analysis",304,31,273,2445,355,2090,113,24,89
"Clinical, counseling and applied psychology, other",55,11,44,376,74,302,43,8,35
"Psychology, other",282,52,230,1928,386,1542,146,41,105
"Human services, general",6363,804,5559,1231,152,1079,53,10,43
"Community organization and advocacy",1608,349,1259,467,107,360,10,1,9
"Public administration",3042,1517,1525,12584,5031,7553,369,174,195
"Public policy analysis, general",1820,808,1012,2964,1304,1660,187,80,107
"Education policy analysis",0,0,0,47,14,33,10,3,7
"Health policy analysis",93,9,84,72,20,52,17,6,11
"International policy analysis",22,7,15,49,25,24,9,2,7
"Public policy analysis, other",0,0,0,87,37,50,9,4,5
"Social work",21656,2495,19161,30892,3896,26996,573,108,465
"Youth services/administration",206,22,184,108,7,101,0,0,0
"Social work, other",50,6,44,158,28,130,0,0,0
"Public administration and social service professions, other",317,77,240,231,76,155,50,19,31
"Social sciences, general",6572,2264,4308,658,242,416,18,9,9
"Research methodology and quantitative methods",2,1,1,63,31,32,3,1,2
"Anthropology",7998,2163,5835,1022,301,721,521,199,322
"Physical and biological anthropology",18,4,14,19,2,17,0,0,0
"Medical anthropology",59,12,47,3,1,2,5,1,4
"Cultural anthropology",35,13,22,11,1,10,6,3,3
"Anthropology, other",47,12,35,27,7,20,5,4,1
"Archeology",205,67,138,40,7,33,23,8,15
"Criminology",7764,3348,4416,782,258,524,48,17,31
"Demography and population studies",1,0,1,50,21,29,10,6,4
"Economics, general",26121,18228,7893,1415,835,580,592,397,195
"Applied economics",302,208,94,341,186,155,27,17,10
"Econometrics and quantitative economics",7789,4818,2971,2238,1321,917,579,384,195
"Development economics and international development",287,73,214,264,90,174,17,9,8
"International economics",334,137,197,22,13,9,0,0,0
"Economics, other",351,243,108,86,46,40,8,2,6
"Geography",3496,2118,1378,534,308,226,237,123,114
"Geographic information science and cartography",583,424,159,605,338,267,35,20,15
"Geography, other",150,73,77,53,35,18,8,4,4
"International relations and affairs",8533,3248,5285,4109,1976,2133,64,39,25
"National security policy studies",131,105,26,235,161,74,0,0,0
"International relations and national security studies, other",121,64,57,239,142,97,6,4,2
"Political science and government, general",35527,18249,17278,1698,931,767,765,477,288
"American government and politics (United States)",117,69,48,162,100,62,0,0,0
"Political economy",261,132,129,16,8,8,0,0,0
"Political science and government, other",810,407,403,88,49,39,7,4,3
"Sociology",26702,7123,19579,1439,459,980,622,227,395
"Urban studies/affairs",985,420,565,331,117,214,38,19,19
"Sociology and anthropology",479,109,370,4,2,2,0,0,0
"Rural sociology",31,5,26,0,0,0,0,0,0
"Social sciences, other",1648,628,1020,407,111,296,60,17,43
"History, general",22522,13488,9034,2989,1588,1401,789,450,339
"American history (United States)",40,24,16,56,25,31,0,0,0
"European history",14,11,3,0,0,0,0,0,0
"History and philosophy of science and technology",112,40,72,34,16,18,36,12,24
"Public/applied history",58,29,29,74,20,54,5,2,3
"Asian history",0,0,0,0,0,0,0,0,0
"Military history",96,87,9,125,108,17,0,0,0
"History, other",327,152,175,62,38,24,10,7,3
"Bible/biblical studies",1981,1295,686,651,425,226,54,46,8
"Missions/missionary studies and missiology",433,154,279,280,140,140,91,75,16
"Religious education",772,337,435,433,199,234,50,30,20
"Religious/sacred music",286,146,140,92,37,55,11,8,3
"Theology/theological studies",1001,653,348,3855,2521,1334,397,280,117
"Divinity/ministry",539,340,199,5091,3465,1626,575,414,161
"Pre-theology/pre-ministerial studies",173,130,43,11,11,0,0,0,0
"Rabbinical studies",6,6,0,98,62,36,10,10,0
"Talmudic studies",2357,2312,45,589,585,4,9,9,0
"Theological and ministerial studies, other",388,242,146,731,457,274,296,232,64
"Pastoral studies/counseling",435,287,148,616,296,320,154,104,50
"Youth ministry",468,289,179,35,13,22,0,0,0
"Urban ministry",10,3,7,30,12,18,16,10,6
"Women's ministry",14,0,14,5,0,5,0,0,0
"Lay ministry",129,74,55,145,64,81,5,3,2
"Pastoral counseling and specialized ministries, other",181,76,105,144,59,85,17,13,4
"Theology and religious vocations, other",245,120,125,625,361,264,261,180,81
"Aeronautics/aviation/aerospace science and technology, general",2847,2533,314,553,437,116,10,8,2
"Airline/commercial/professional pilot and flight crew",653,576,77,0,0,0,0,0,0
"Aviation/airway management and operations",823,688,135,198,140,58,0,0,0
"Air traffic controller",81,58,23,0,0,0,0,0,0
"Airline flight attendant",1,0,1,0,0,0,0,0,0
"Flight instructor",18,14,4,0,0,0,0,0,0
"Air transportation, other",35,32,3,17,10,7,0,0,0
"Marine science/merchant marine officer",591,532,59,0,0,0,0,0,0
"Transportation and materials moving, other",2,2,0,6,3,3,2,2,0
"Visual and performing arts, general",1553,553,1000,116,50,66,14,4,10
"Digital arts",1603,833,770,257,123,134,0,0,0
"Crafts/craft design, folk art and artisanry",95,21,74,2,0,2,0,0,0
"Dance, general",2386,287,2099,217,43,174,12,1,11
"Ballet",41,5,36,4,1,3,0,0,0
"Dance, other",53,1,52,0,0,0,4,1,3
"Design and visual communications, general",2817,942,1875,432,154,278,4,2,2
"Commercial and advertising art",940,268,672,11,3,8,0,0,0
"Industrial and product design",1570,882,688,215,120,95,0,0,0
"Commercial photography",161,41,120,6,2,4,0,0,0
"Fashion/apparel design",1842,189,1653,157,22,135,1,0,1
"Interior design",2668,251,2417,257,36,221,0,0,0
"Graphic design",4802,1558,3244,195,55,140,0,0,0
"Illustration",1994,474,1520,212,53,159,0,0,0
"Game and interactive media design",1236,879,357,134,71,63,1,0,1
"Design and applied arts, other",696,218,478,242,85,157,19,2,17
"Drama and dramatics/theatre arts, general",8652,3143,5509,894,355,539,83,35,48
"Technical theatre/theatre design and technology",583,222,361,165,58,107,0,0,0
"Playwriting and screenwriting",274,131,143,349,177,172,0,0,0
"Theatre literature, history and criticism",40,8,32,9,2,7,3,2,1
"Acting",1120,433,687,190,92,98,0,0,0
"Directing and theatrical production",133,37,96,87,39,48,0,0,0
"Musical theatre",685,240,445,17,7,10,0,0,0
"Costume design",20,1,19,16,2,14,0,0,0
"Dramatic/theatre arts and stagecraft, other",523,214,309,55,18,37,2,1,1
"Film/cinema/video studies",3775,2082,1693,583,282,301,40,20,20
"Cinematography and film/video production",4792,2778,2014,1038,529,509,4,1,3
"Photography",1171,362,809,246,109,137,0,0,0
"Documentary production",17,4,13,33,18,15,0,0,0
"Film/video and photographic arts, other",1033,555,478,50,20,30,3,0,3
"Art/art studies, general",10180,2907,7273,647,223,424,2,0,2
"Fine/studio arts, general",8949,2542,6407,1350,475,875,0,0,0
"Art history, criticism and conservation",2285,368,1917,877,130,747,229,50,179
"Drawing",246,65,181,30,16,14,0,0,0
"Intermedia/multimedia",802,399,403,47,20,27,4,3,1
"Painting",525,140,385,133,49,84,0,0,0
"Sculpture",227,75,152,47,13,34,0,0,0
"Printmaking",134,29,105,35,11,24,0,0,0
"Ceramic arts and ceramics",90,23,67,50,19,31,0,0,0
"Fiber, textile and weaving arts",137,7,130,36,5,31,0,0,0
"Metal and jewelry arts",105,14,91,42,3,39,0,0,0
"Fine arts and art studies, other",555,146,409,227,60,167,1,0,1
"Music, general",7292,3861,3431,1822,952,870,617,362,255
"Music history, literature, and theory",110,58,52,37,22,15,12,7,5
"Music performance, general",4062,2180,1882,2190,1094,1096,469,233,236
"Music theory and composition",533,364,169,329,227,102,55,41,14
"Musicology and ethnomusicology",48,26,22,48,16,32,44,21,23
"Conducting",1,1,0,103,66,37,55,42,13
"Keyboard instruments",143,51,92,230,69,161,51,21,30
"Voice and opera",341,99,242,285,95,190,13,4,9
"Jazz/jazz studies",293,254,39,179,145,34,5,4,1
"Stringed instruments",175,82,93,239,110,129,20,10,10
"Music pedagogy",62,23,39,93,36,57,17,9,8
"Music technology",607,498,109,80,68,12,5,2,3
"Brass instruments",32,24,8,46,30,16,0,0,0
"Woodwind instruments",54,23,31,81,44,37,7,5,2
"Percussion instruments",15,12,3,14,11,3,3,3,0
"Music, other",922,517,405,225,129,96,26,18,8
"Arts, entertainment, and media management, general",531,233,298,307,81,226,0,0,0
"Fine and studio arts management",594,140,454,483,91,392,9,1,8
"Music management",1515,795,720,57,30,27,0,0,0
"Theatre/theatre arts management",206,58,148,53,18,35,0,0,0
"Arts, entertainment, and media management, other",203,94,109,191,106,85,0,0,0
"Visual and performing arts, other",481,202,279,311,96,215,11,6,5
